9220
8037
4113
7642
4828
1874
6988
509
2269
7528
6917
2774
4759
9812
352
1482
1417
8658
5049
6185
2413
1736
3479
5597
6099
3030
3759
2790
9732
4206
4158
8339
6854
8979
7073
2414
7227
9381
5564
8989
1415
4164
4923
4615
4262
8787
7344
2660
3815
9111
1363
8629
23
4496
6303
8637
6395
3907
9908
2380
1927
8912
3081
6383
7027
2980
9967
3277
7352
8157
5154
348
6137
5088
5080
8659
8040
8697
1439
4830
9210
3038
4224
4769
7828
4297
772
6083
5387
7188
7277
3910
7870
8291
1741
7295
5177
7571
2480
5829
8566
4726
5607
8134
9671
1733
6737
7516
1505
1003
3410
5892
8526
4088
9368
2473
7387
672
7038
8953
1543
7644
4580
4290
1273
8752
4288
5406
6864
3885
4421
3939
4393
646
2741
3098
7900
6394
2463
4706
5448
2092
5435
6426
4667
9875
7975
3149
2599
8368
8071
7882
6313
9476
74
8331
233
6550
5383
1338
7000
8101
8645
3795
2306
9849
4286
1692
8736
535
6146
2084
6634
9411
8538
2779
8159
8099
6317
954
6900
8727
5770
5519
1247
7501
6206
7929
7697
9648
1116
9947
5192
8007
456
1351
8876
9983
2211
6815
4082
8640
8388
871
2188
9673
6357
3016
4893
5824
1171
932
5082
5266
3741
9332
2913
8618
296
4131
2417
3673
5950
7434
1779
7592
7598
4126
2544
8137
8544
832
9781
8142
4442
9331
7235
1511
7095
909
1896
599
7891
5344
3797
8366
7558
6128
1185
1434
3850
7814
4516
9877
3637
8649
7931
9227
4384
4502
5958
9514
2933
6628
9071
5625
2523
3067
5236
8657
5919
4686
6345
4046
7323
194
4725
8198
5368
8442
6377
7416
5004
5835
144
4222
8864
2177
8160
5349
2578
7629
8444
947
7842
8690
2027
1737
2343
181
5693
6078
7884
8220
592
2783
7718
5311
6504
9367
2498
6798
5021
3931
6526
1078
543
8670
2179
9998
5761
3876
9793
261
4599
2996
6579
1623
4565
1460
7004
9669
6007
9460
4396
7574
308
3370
9541
9567
4319
4378
6361
5697
8753
8242
3946
3096
9534
7903
2291
2531
1825
9806
3545
4509
2058
7680
2477
360
2017
6939
6817
6908
1828
2163
5934
860
6111
3507
6289
2729
4484
5563
760
4601
7915
161
8486
2949
9160
7365
8705
6067
5560
3034
1659
3890
5137
3897
7736
3546
5940
9782
6147
8949
6844
8451
5650
3528
7218
5741
4861
7121
9062
7971
7049
9403
7651
964
6623
2679
5848
7406
2273
1107
203
553
1007
9772
6481
75
6571
9230
7197
5792
8072
1792
6705
6528
7789
6030
2323
1028
445
9025
6600
8055
926
9770
5175
4773
9414
7017
4000
4388
9716
1142
658
4128
7069
1917
7886
6997
1133
5913
1087
7708
2186
2947
5202
4219
4775
7177
673
5599
3418
1469
4449
6710
9791
3552
7478
6846
8964
1747
3810
6419
546
2509
1748
52
9371
9072
2501
2856
8225
9911
7754
1335
7514
3998
2049
6156
5162
1909
696
5002
1867
1683
6216
3976
4679
6060
9873
4040
578
9475
2068
4019
3351
2765
3376
4523
8199
2877
243
3872
8460
6606
3159
2844
6996
644
2938
2914
9637
1624
7742
2187
9710
3063
9697
605
3052
9351
9067
5421
4244
1040
1140
5212
500
4096
8052
3010
7024
6685
9560
4318
5414
8219
9931
3456
6998
8269
2101
1348
8529
6157
5703
5509
1349
8977
7774
623
7600
2384
5345
1515
8437
2111
5967
9896
1525
5575
3752
6029
8522
9548
5953
2636
4957
7788
6960
8894
7989
2030
5397
2075
5893
765
6379
201
6604
2568
2603
70
8302
899
8170
6716
3362
4064
1268
225
8279
1578
6123
4431
5452
3256
1604
4282
5517
1549
5504
684
6002
4443
656
4817
5944
9250
9494
7105
8777
9447
6751
582
8320
4015
420
5935
3660
6211
8578
9448
8562
6254
8988
9577
4210
883
8348
1289
2897
7203
3153
4132
5261
8676
2658
9688
4846
7242
8165
2038
8223
9065
4060
4470
9172
3311
9464
5920
8479
952
1810
5226
5100
2450
5472
8213
4190
7533
2920
9068
3895
9496
340
3198
2693
2096
8815
5211
2669
1431
2667
5810
5681
5071
2233
2393
309
5843
4191
5498
2195
2644
8525
8286
3168
7192
2194
2734
4810
6697
2371
6972
8169
1148
4858
4412
3687
4440
1287
6417
1729
3811
204
642
6999
8308
8227
1200
8147
9841
3219
9975
697
3489
9480
5296
1653
2153
4697
9207
2119
8895
5039
8532
2909
6920
805
4202
1413
9017
6387
5436
5658
5019
5332
5966
8464
6074
7667
8738
8476
6225
7051
46
1636
7603
5838
5536
4935
3956
3229
4491
4907
8599
2681
7905
4813
9930
6358
7370
4912
2624
3778
794
4321
2886
5813
8364
9704
1340
9883
8788
19
2945
6825
9486
4175
9874
8669
8268
7431
4342
7717
8313
6255
5870
8146
6831
8145
6981
9630
3844
7340
8312
663
6200
7608
90
3574
5623
7059
9668
7996
8272
8889
3714
5691
7583
572
9274
8285
988
3739
4284
1374
9217
2341
3374
2295
219
525
2435
3564
5038
7151
7118
3288
12
1117
2804
9375
1269
3258
9136
2496
2807
27
8716
4532
3486
2314
4886
7847
3693
7213
4699
2668
2842
8207
2110
141
2449
4629
1972
8575
716
9061
7156
4819
7269
9294
724
1403
6541
6374
949
4742
5885
6521
2415
923
5922
3873
8996
698
1600
4797
4028
8392
3970
8432
6438
4854
6828
3326
2719
9155
9188
662
7222
492
1575
5722
1975
6013
9978
9424
1564
4597
7276
5018
8465
323
4295
2866
1749
375
8699
738
1541
2881
9042
8010
8527
9053
2261
5543
2543
1498
4804
7246
771
4574
2198
6718
8496
4260
1731
5581
5487
8086
7650
4503
9867
8050
649
3962
3431
7153
432
8685
6314
302
1130
7141
8118
2090
9003
7851
1841
6551
6038
2965
5440
5400
6894
7414
1275
2484
2476
8769
4850
3361
1879
6958
9101
3465
5545
5758
65
4577
7451
206
6569
4035
9366
3543
1357
9099
9272
5131
6116
2521
4097
5937
848
781
2906
165
3200
6005
9954
5961
4272
1027
1023
5595
7281
6235
9178
7795
620
734
6340
1370
6682
7498
9846
8377
8802
3974
4942
9616
9717
8226
7833
1038
6659
3889
652
6180
6237
8382
3321
6770
4212
6809
4764
7395
7897
4230
3384
5753
632
4435
3921
3690
5891
689
2201
740
1954
3298
3917
2265
319
573
418
9229
844
7026
9708
236
9198
5954
4831
8521
21
8278
171
7142
4832
5195
9957
965
3203
8116
4544
290
8499
9334
1021
3807
1359
2061
4868
2016
8334
9023
8391
777
6649
6700
667
5153
1331
2724
2606
6414
419
1589
751
5555
1588
9566
9077
2960
9691
4374
4274
8860
704
3879
9007
9888
1781
3123
6286
9139
8380
128
6906
2255
60
9009
4480
7418
4849
5443
493
9156
5450
9750
3664
741
3949
2244
1393
4057
6252
5284
3042
3056
6010
4529
3402
2046
2034
7699
4709
2191
5390
8939
7904
4287
7379
5352
8058
8393
4050
8608
3843
1682
7822
1524
7504
3540
9129
4866
9185
4735
8869
6109
9563
1251
8167
9244
6450
2705
136
3822
705
5245
2209
7005
7360
610
4003
3033
6004
2846
3681
7196
6349
9702
1408
406
8405
388
5013
8370
2780
5093
5738
9247
2675
863
9535
2527
4005
3131
2910
8655
276
7983
8848
536
8287
2168
2620
5854
3580
8668
1128
8885
8455
9492
1122
8729
6873
1345
3343
7171
9586
8993
1229
4311
549
1495
4929
6961
48
2671
2149
9599
2303
3344
2214
5619
561
1789
4157
8940
6731
7724
1055
831
7861
5330
5806
3283
8638
4101
769
6948
2630
4661
1894
8495
6475
998
3757
6455
779
9906
8535
8015
9813
8605
1777
8888
4407
1740
9074
5369
4559
2772
7772
8559
690
7329
258
5622
6140
3576
5371
8173
6738
7593
6759
4655
8744
7466
9703
6281
2321
7469
1904
4444
9976
8923
9569
8771
770
9714
5001
8601
4722
4337
2275
1539
4144
8239
3855
8183
2148
5617
3012
66
4815
3989
2968
4938
702
8607
6865
2631
6253
2612
4980
4789
6696
7405
8994
7770
220
5551
3320
3302
5840
4107
1170
4067
5117
5370
1796
1615
591
7823
5103
5512
639
7315
780
1267
6293
5104
7679
4669
5737
4944
3643
7202
9635
5493
2170
4647
9401
7499
8298
2196
36
5005
494
169
2374
5281
8117
5273
8781
8703
2279
7045
1047
6129
1095
5525
961
2426
5365
3457
8358
1097
1422
9011
3882
1164
7266
3763
430
5267
7180
7540
2457
2491
8541
8849
9444
1401
2482
2915
3943
3173
5587
5869
2692
7704
7039
2811
9949
9981
7908
782
574
8556
908
5784
7883
5188
2680
5565
1419
1694
7640
8641
5982
7193
9262
2764
3449
9298
5346
4493
1361
9495
2339
1831
3077
5429
6879
5023
8814
9383
2888
9912
7684
6432
6040
40
3937
35
2151
2816
5793
6702
6238
8090
6386
1276
551
5930
9641
4277
6990
499
1619
9479
8306
2210
1499
8441
4488
4487
8470
8706
1980
7271
3786
1219
4045
8925
6360
5395
4114
3792
4138
7879
4653
210
8472
442
6592
4199
3899
9451
6445
8661
6646
6087
3765
4137
7083
732
2125
7734
5404
3651
1536
7575
4428
1126
8046
4636
15
4548
1350
3324
5280
8256
364
4361
3323
4415
4159
9951
3488
8980
8487
9474
3075
856
4724
325
4913
9901
8722
5217
1474
811
9853
7877
484
6930
1830
8745
4517
7389
2268
6404
7626
5181
3325
5516
1805
8683
269
1315
1816
9484
4931
2600
4956
2331
4626
5864
6732
8909
7166
4541
6853
5664
9317
4816
3170
8204
3272
6418
5238
3403
7131
3537
1991
5055
5279
6399
2777
8431
5663
6449
7272
9164
8082
8582
7130
6098
3723
813
9627
9546
6650
5667
299
1764
1
6318
2379
3055
3400
6621
4806
8821
9483
6242
1911
2819
5035
6288
875
3776
851
7219
9485
8523
1270
8906
9745
5164
8057
4232
8723
3632
3162
3523
3744
4685
7198
5
5538
5250
4186
799
6396
4017
3791
9393
575
7267
6236
5553
4192
3296
1839
4353
9182
9517
235
478
1913
8660
3887
196
8700
8394
7991
8211
5479
8671
783
9739
2080
8617
3824
4901
76
6380
2773
4325
3000
3419
8873
5699
3827
4703
1699
7312
1618
6134
3616
5938
7559
4992
5796
7580
802
7791
7637
9347
3558
118
9270
6974
2549
1377
260
3654
6992
5347
7353
3595
6275
7092
9776
6826
7343
8240
1563
5355
5467
7510
221
7055
2282
6365
4821
1433
3071
5244
5768
5246
5943
3837
2386
9363
7061
9799
9119
1421
850
9350
9601
7486
2556
6928
3623
626
6124
1479
361
9437
7435
4997
2320
3629
9092
917
8387
6613
7535
606
1017
589
2528
6144
9726
7866
621
257
3617
300
3088
2833
3808
1770
1032
4254
3743
1707
1463
2723
6618
2094
5286
8073
9184
5173
4316
4753
3774
925
869
7471
9365
6114
4310
5227
3745
6913
2362
33
8449
1730
963
4845
1022
3790
7839
5020
4941
191
7781
9528
5673
8778
4911
86
2394
2994
4747
1663
49
6520
911
636
6472
7930
792
3999
7310
8707
124
6453
9497
5690
7212
9918
7082
7460
1530
5229
7786
9133
5620
9323
9149
9909
7875
1643
8221
3940
3061
8825
4038
8018
7012
5312
5379
6543
2868
753
8587
1465
7852
1840
6339
3929
5184
3672
6940
373
1481
8025
7015
8782
84
9764
3803
552
8990
7491
4723
1418
1109
5367
2302
497
4921
3029
9469
265
5343
6819
6154
1297
9675
4665
2150
4156
273
1608
6142
7513
8675
7804
367
7289
5489
429
8576
9098
9821
8135
548
4429
9170
8647
5717
1531
8846
6672
2557
3996
1025
2755
9876
1801
9002
8698
9326
4294
1656
7252
6596
6228
4881
116
4519
9446
4751
1702
7366
1143
3365
8299
1645
9173
9035
1985
784
3579
9477
7291
648
9796
460
8410
2254
6473
180
3436
3421
5515
238
1500
6674
1701
9672
7162
3137
9112
5425
2008
3635
5863
3620
3140
9102
8013
7868
7419
2376
6287
485
2078
6938
5818
5497
8466
5685
7974
8074
9263
7116
5747
9771
8324
8822
4943
1305
6976
6207
8035
4109
8567
3022
5947
3793
8029
2236
3156
2936
2552
1946
2617
3429
4350
6202
5085
3166
7104
2875
8315
9721
5766
5782
9779
2931
5682
6502
550
6777
1222
726
570
723
3498
3249
8680
9868
7372
5915
1198
4715
7914
7850
9387
6413
6667
7214
2120
7064
7557
3533
3121
9407
1613
1876
111
5290
3896
8875
5148
3316
1786
566
1738
6047
4011
9134
10000
7441
5612
4865
385
627
6515
7633
540
8831
6250
3517
4336
8332
1034
9851
9307
9798
5255
793
847
6560
2105
3935
640
9192
3713
3860
2754
8938
6868
2576
2762
1918
5505
6907
3747
3381
3095
9181
8446
3589
4614
4878
2285
3694
2346
3847
9814
8356
6760
9803
8330
5410
2710
3433
8834
6044
4341
4758
8719
8634
470
4377
7065
4289
3023
2537
8069
3880
7249
7369
787
8485
7869
6053
997
3391
962
2623
9507
8517
1343
5072
8569
1444
3737
5727
5558
7195
7607
5253
7892
417
7381
6842
8289
2367
3923
3182
4080
4220
9789
1877
4283
9457
8125
2768
2069
9000
6470
3668
8190
7614
9040
9374
1756
4985
6878
1416
7541
3360
1426
1552
6229
6201
9766
3356
2366
135
7714
8804
3658
5037
6744
8238
1937
921
7990
8790
342
904
9048
1011
9345
1905
7997
6711
3980
5614
7821
5638
6624
5890
117
6859
3561
278
1757
2894
6184
9615
2664
3696
6886
5111
6575
9956
3784
3417
9807
8107
8775
3914
119
944
6688
2129
516
1446
7470
2036
8913
882
4682
1336
9502
5991
729
13
5407
8000
6781
7245
3789
2448
7444
5079
1921
6369
2033
1570
6753
5265
8166
6291
7660
2053
1082
114
7476
5780
4637
6523
7683
2465
1120
9589
4018
6003
7951
5877
154
1673
6072
7063
7070
1778
5901
1930
3262
2452
5794
6857
2242
3529
8982
7907
3464
5760
1858
5746
1844
3155
3339
5977
7913
7645
5660
71
1865
4633
712
3231
5797
4617
1546
7293
7615
5235
7078
9010
5353
3290
6810
8311
5378
387
9631
3338
1016
4750
9916
3600
1992
1559
8785
8290
149
8114
7539
6511
736
9512
8189
7093
4176
9399
7771
2199
9022
9169
9985
9073
5426
4221
8987
1389
3180
4834
9310
2649
47
192
50
4809
6763
2706
839
6687
5176
335
9137
9458
2954
1090
7247
1751
6514
4859
3387
9727
8365
1472
5971
8533
63
8681
2493
2976
3044
9738
643
2985
1903
6791
447
369
2786
9320
1473
2796
7520
9879
3618
1411
3675
2200
5523
9827
3434
8253
4168
2849
6022
977
2471
9699
8215
3838
8595
8678
8399
4618
5777
6041
4209
7943
4293
3512
5132
8905
8421
6895
7536
2183
1254
4389
6169
7582
5925
7922
1213
5795
523
4772
9266
7182
2479
2335
3062
9945
4549
4948
5077
7375
6855
4870
8001
942
2827
3695
2853
4227
1949
3101
9890
4836
4511
7428
6297
5980
5060
2231
4151
2805
5609
3019
9054
6769
4798
788
5845
7172
7529
3527
3003
3506
5839
9094
9774
281
6410
5496
6714
5084
7613
2854
8543
3577
9034
2389
4439
6946
6265
4499
4538
3269
7493
2611
7948
2358
6172
1833
341
7666
4607
5381
8447
6533
8266
1565
1599
870
2227
8908
8184
2355
5850
2517
8916
4008
399
3520
9709
4693
1504
4967
1696
9234
7710
1405
880
5723
803
1124
9557
129
4483
3415
4733
3420
8926
1298
9932
4387
5222
8087
3859
5166
6861
5161
5116
8773
9698
3927
7378
29
7484
2024
9927
2955
4569
5422
8129
7322
1402
2862
2825
2146
4885
1982
2416
294
5859
5033
3473
2964
8423
7006
9818
166
4381
444
8342
132
3253
7393
4303
4065
142
6018
3386
1856
7
4211
6764
4632
5408
5484
34
1640
9926
9920
9693
6506
5671
6818
404
1430
7677
6423
7648
8346
284
2634
919
7452
8417
7230
6183
754
5113
3670
6973
324
6589
8454
2221
5136
4745
7128
4996
6372
7257
2230
8412
8096
1420
3233
3918
4414
4314
8972
9352
8718
7132
5750
1123
3414
7096
2569
8746
2559
8177
2923
1012
371
1159
245
4890
8416
6891
2992
1590
4841
8731
4593
459
565
6043
2128
8222
7439
8610
1369
3831
8059
8277
5876
8353
7294
6516
7307
9360
4991
6290
759
7237
9302
1535
5373
9654
6197
5993
9863
6657
4115
4937
8743
6486
6416
7872
3715
4410
8713
1471
7336
8282
7265
7028
8066
941
6654
3080
7573
1231
8867
2039
5798
8648
6182
5567
8139
6780
1968
8910
5012
8665
3145
9963
9712
2979
2249
9251
4588
3218
2546
9316
6400
1700
2645
2540
1557
5303
3510
2141
8809
4375
1507
7790
7488
5676
2436
7733
6063
2608
5535
5932
5165
9438
4514
4643
326
8378
8092
5641
1081
1093
6792
3313
5815
2040
555
4900
5776
2161
8998
6725
2267
2930
4924
5210
3979
2510
1795
1233
7578
2800
2270
9536
4218
7308
3394
8688
7998
9934
4119
3345
4824
6333
1527
1226
1606
8739
6312
7508
9319
4968
3447
9203
6070
1151
8396
2135
6278
5778
6947
3171
4320
6341
1176
3993
8594
3491
7139
1907
6402
6911
2548
1488
374
5205
8934
8109
3485
7780
9925
615
6588
680
3018
6384
7538
5065
2922
5719
7723
337
5354
4453
9995
8890
2666
5769
4649
5909
4527
7787
833
2217
9946
4334
9493
282
1941
8759
3957
2984
2978
5520
9167
8780
7957
5230
1595
3671
743
7942
7728
4640
4106
231
4988
6824
5745
7941
7011
9848
6969
9864
6761
2292
7042
3975
1849
7467
4049
5659
7410
4501
670
735
818
2093
4712
7057
5552
2263
6247
6663
7554
5598
5709
5911
978
595
2124
7553
5657
4755
4898
82
5402
4188
9819
9621
5138
8784
137
7108
6651
5801
655
2256
3513
1406
3799
3282
3570
9340
3748
5550
4887
3271
657
3141
8111
2422
8911
2404
7146
2516
8217
3477
823
2234
5358
7160
6951
5054
638
4748
4433
4073
4811
4696
7350
3758
1395
9680
5999
7433
7871
5847
3047
1173
5968
4915
8920
7077
4731
3482
112
594
251
6966
1272
2718
7432
5803
7560
9894
5200
9869
8588
8210
6117
6480
9096
5301
7354
5418
1141
6437
1986
2983
1684
3026
4620
9844
9642
5029
5134
9970
8801
3336
5455
6316
5382
7262
96
5483
8674
2264
7264
4281
650
8965
6217
1163
7811
5610
2695
2972
4300
8614
8206
999
6522
2747
1639
2167
8452
7384
7747
1850
3188
5579
8789
8374
6337
8598
8418
7388
4561
4163
8402
2336
8119
8340
2035
7827
121
6806
1728
3
5460
8646
2259
8984
3009
8229
4203
1594
1031
7382
9622
9454
1938
9404
4363
7098
298
4906
8433
5546
6056
798
7207
9143
8151
6310
6028
7052
4450
2333
8995
7857
8060
7820
6922
8564
3582
8017
5672
6823
9303
8811
7551
2871
9724
6991
5278
5846
6189
5459
766
2885
9356
7110
4776
4417
1483
786
5449
8091
7229
5554
891
785
834
8570
3291
1585
1451
9314
405
9817
1614
5233
3280
6270
490
5495
138
3638
5582
2902
3164
2828
5030
7693
6964
310
7721
8966
3354
4229
3925
8642
4267
6888
8589
5102
6558
1576
4241
2130
9992
4118
8843
2504
9405
1466
6403
7169
1062
357
3216
5959
5894
5936
1842
3122
8200
7208
5356
9064
4945
7673
9910
5474
1834
8758
4896
5185
1271
9919
5120
3563
1253
7653
9431
8409
5592
318
9742
4668
4927
1852
5707
2051
7221
7473
1878
865
5963
4187
2332
1242
6814
3318
2164
2207
5272
4368
7649
6910
9741
8124
5675
9551
3640
1703
9519
6805
6057
3223
6363
5241
7413
9389
473
1074
1773
6632
4535
9012
9962
4313
5062
1633
6315
707
6020
1936
7122
4391
3165
8717
3125
3655
9533
2032
1066
7758
6986
6585
6728
7367
1284
608
457
4458
5732
3981
6518
6338
1125
6167
6636
9329
2997
2316
3070
654
2171
7301
5923
1456
596
5571
2580
2074
4348
8224
6064
9923
6443
5492
8113
7751
1920
6446
8337
6501
6640
6719
6195
178
1719
3134
9039
4681
6158
822
167
3707
5896
8088
625
2659
4140
6039
8897
6637
6803
7337
1464
7749
975
7300
7625
4739
6373
9996
6754
7701
686
3289
57
6539
1988
2739
3079
8896
9969
9915
4521
2423
669
1883
4963
6849
3779
3250
1033
2639
5326
3557
4990
240
3435
4958
8317
2547
8212
7534
2181
6435
4074
9388
6210
2425
6110
8187
9778
2419
9268
365
9131
8143
4306
1532
4029
4083
8094
3126
7812
1134
3728
9984
1255
4092
4085
2534
2536
8319
4461
1053
7430
8133
9692
288
8571
6427
8172
6578
345
6627
6709
6564
6096
5461
5061
7956
9041
2115
9833
6862
5661
4333
5411
4835
1803
6856
3593
9013
993
5052
2294
8247
3133
5800
1890
9461
7010
1312
5232
8484
3268
1497
9948
6834
6661
928
7506
1760
5917
441
8326
7023
603
3495
1127
9865
4684
5529
2678
5059
8508
1088
6995
5711
9860
3764
4010
8886
1906
394
6693
9965
5716
2813
8264
6176
105
816
4139
43
3051
8534
9649
9870
7794
8047
2485
7401
8127
1104
72
9547
2674
9825
3267
7686
3669
1743
968
9279
4814
1957
991
3043
7144
3598
4552
5325
6342
2870
902
8032
6354
5653
1916
5808
3404
3013
3966
9095
1888
1652
2958
3076
1079
6689
5151
7830
8195
2802
2353
4568
7890
7275
6292
3154
9376
6370
4766
450
4027
5389
8478
4383
826
622
5856
5805
4934
1321
7047
8249
1480
7446
1400
3845
7148
6141
1068
3893
3562
1113
3530
3273
5204
8591
3492
3642
4645
545
1166
5809
7481
6371
7712
3243
4136
9605
5534
1629
3594
4102
7549
6298
6943
2166
8721
5881
9186
4909
7112
7817
6563
423
8284
6397
6591
5710
1099
2663
717
4135
2297
6181
6065
5377
4833
1388
1900
8970
159
5593
722
4463
6538
9504
2926
2082
4296
87
3245
266
1785
9629
1697
718
59
6483
9267
7346
6963
3604
913
6389
5865
2889
9205
1447
5939
5110
9576
2944
9216
2318
8803
9831
1189
5319
237
6241
6557
1193
7963
7278
9838
4022
6679
9128
8488
4016
7716
922
2365
7422
8045
5477
5628
1522
8943
2742
4920
3278
2981
1538
3160
4051
8089
3124
6871
3726
5441
1994
6542
5785
1256
4104
1428
7347
5636
8903
5990
272
3934
4528
1712
6385
3549
6359
6838
5225
3886
469
5027
1723
4345
3385
4960
8231
8498
6220
2852
1008
9044
8420
7543
8185
9426
6209
9196
9749
102
6796
8435
4413
8844
2794
6042
6723
2646
5679
8085
2596
2901
2791
2327
2847
2575
9805
5748
9840
5189
3107
3383
3652
4954
3241
4490
5398
7952
3152
4215
812
4072
2406
7067
3583
5631
3985
3830
1627
9121
2313
2577
3569
3991
3605
4605
937
3453
8799
6077
930
4916
2861
3730
6686
6033
8303
5705
2429
8656
1860
3466
279
5649
5274
5503
3399
4069
3505
9115
4583
4162
5203
5997
8955
7031
5744
9313
7339
9664
1837
9459
1323
3102
6329
6492
350
5270
7241
7813
4837
907
7726
9816
6405
7599
8492
6296
3829
6866
4978
9225
727
3284
4370
1211
1963
2838
2704
9661
6243
6459
2721
6444
62
8078
4432
8963
1332
1048
1236
5415
7086
1399
9829
3116
1534
889
4624
1039
222
7595
8237
4395
464
8150
9522
6666
8404
9943
1510
7876
7426
6790
1769
5146
5083
4768
8297
1610
3158
437
6408
7596
8558
8310
6665
6839
1414
2458
4026
8762
7450
1292
3439
5221
452
7186
7845
4792
2009
9318
158
4324
9396
3692
1259
3014
8748
758
7102
4481
9397
1674
2257
683
5576
7874
5190
9019
466
804
9456
1537
2988
3862
1919
2895
3842
1260
7044
4793
1059
7189
4786
4468
4610
6451
590
5539
8754
7319
867
3232
2329
1132
4279
6299
3350
1951
3518
3559
226
2550
9735
6775
7224
5706
8516
8956
5678
28
6245
9769
6000
1265
7402
9743
3663
9837
8401
4594
3471
7407
5434
2640
1396
5431
3443
8842
1835
8179
45
1999
9606
2262
809
2361
2011
2973
9187
807
1450
7755
4340
1942
6213
2713
3202
1121
1670
1398
5500
1573
1467
64
1706
3662
3481
5802
421
8548
2281
6092
739
4510
5320
4362
4178
6036
4397
7604
2769
1836
7738
4556
4329
9845
5945
1201
1392
2225
486
9905
8468
1230
3179
1709
1782
8981
313
3244
2060
1827
2584
4226
8882
5240
5851
130
8997
2337
1873
9252
2670
5109
6675
4004
7386
9559
969
5507
6085
4492
4471
8068
4749
7292
3347
3460
6257
2290
9950
981
4459
9223
6032
4644
6757
6683
3148
9020
8631
2905
3390
5572
996
5413
8621
2628
1638
1070
5074
5573
7443
7757
1897
616
7178
5644
6733
9794
868
9696
9255
6642
396
4327
6125
5392
9767
5931
228
3587
2574
569
1207
7627
51
5216
9301
9006
249
9628
2775
1804
8218
4406
8663
4214
888
5118
8728
4112
2352
9887
4673
9018
7807
9775
2648
2899
5872
4217
8482
2258
7565
2542
4838
2383
910
8144
7800
7818
3459
7167
8283
5294
7741
4129
5047
825
246
301
6841
773
322
5992
6652
5687
7050
7258
9436
2418
6130
139
1648
3371
5214
458
3665
829
354
9618
3685
4862
1407
6529
8766
9309
9518
8749
297
9228
3661
2399
8764
8884
7937
379
2753
9679
6115
1318
7546
3955
9046
6062
4590
4564
8863
5724
3901
9051
7397
2079
4547
8426
2220
1307
6622
9820
274
6840
9503
5887
7127
4666
2472
6677
1718
8586
1964
830
1404
7702
762
6830
4600
3120
462
1285
8807
1958
123
7605
1326
3719
4326
2962
1436
7531
7674
4998
2359
31
3103
2738
1502
5733
232
1042
8104
7530
1689
1657
3724
217
746
4531
8862
749
4246
5115
5908
1156
2555
1767
9357
2490
2369
2470
7022
6808
8747
7016
8178
5729
7663
5783
7094
9964
9836
4932
5396
5694
1540
4540
1352
9090
4120
7342
9695
9078
9258
8254
5123
120
94
8515
1290
1432
5405
4379
1746
1745
6708
3753
2982
6953
2326
4949
6477
7846
7569
2441
5590
5101
9423
8359
7080
2607
1250
2812
3868
1925
7220
9148
1249
475
8852
9113
7643
5321
7043
127
1978
4044
1487
2932
9070
4790
7263
7035
7621
3709
9933
879
327
8603
2330
9842
4788
1380
3257
6351
1787
8609
9550
9568
8490
8551
7348
2138
7320
7415
645
8590
6284
455
1458
448
4077
1609
4710
6772
20
3008
5600
4354
8076
3871
2940
2672
2554
5122
9150
9839
9578
5510
9125
1394
4596
898
6319
9549
2042
5307
2109
6909
5974
5994
5537
9409
7765
9200
560
8613
6931
9416
1983
8537
3303
5438
604
5112
2139
9488
8798
9292
1186
6430
4305
95
2519
8751
2437
7985
7280
4550
5674
4799
8246
3834
4701
7253
1547
4167
422
2057
6860
5299
6820
3674
5831
1105
9539
6762
390
7138
7391
1516
7210
2432
1221
5964
4670
5207
11
4445
7967
9917
9277
2063
80
2966
3097
5979
1089
9379
1626
6375
943
763
2073
1383
9226
3114
1586
4857
7284
824
2969
5952
5315
3106
4087
7185
7953
5331
3982
4979
7964
6187
216
1306
7681
4078
1322
3327
7837
6376
995
1212
1739
8767
8945
2752
7888
651
4076
2946
9269
1243
1859
2683
7935
5308
9689
9284
8892
1817
329
9657
2637
838
5812
5147
5340
6694
391
150
3555
3264
5201
5114
9603
7969
1334
2070
7165
6323
2062
5234
7072
5874
6393
7231
8838
4031
3484
267
6388
7636
5533
355
2865
6016
1761
8967
6924
8602
6327
9158
5231
2342
6933
8824
6968
2585
7819
8933
5432
353
4462
8084
4756
6280
5946
846
3226
1732
8054
4036
5960
8695
3607
9899
5692
7298
7330
3718
3340
4143
617
5283
7074
1715
5323
3740
9215
2140
2917
5549
2050
2824
4179
8942
8765
5045
2445
2357
597
4172
2215
2691
7609
4130
5339
2443
7152
7856
3246
7797
630
7775
9878
4252
8879
9718
4741
6208
2440
3187
8338
3898
9900
2627
8615
5987
6469
7261
6800
3922
4707
4889
1157
1790
113
304
6630
200
1705
8837
359
2601
6883
3508
3536
2579
5350
3332
7672
7129
3214
7657
8390
363
2433
3099
7303
3965
2745
5586
2625
5416
5756
9197
6614
3781
2572
4883
1165
3967
4999
1950
9466
2925
1620
4973
9224
9076
9433
3539
2597
7590
8961
5608
7468
9847
4903
8623
5259
6512
5454
4469
1014
6926
8810
7351
4266
1695
2814
4299
3863
2651
2989
409
1672
7250
514
7576
4258
5424
6897
3413
184
9435
6251
3727
4059
4512
3314
9315
3732
3416
7567
8550
3058
8463
9163
275
7205
2462
9914
3358
3007
1427
3575
5825
7040
6989
1987
4213
2005
538
7933
731
1205
436
9686
8341
692
3941
9147
8504
8859
7902
8307
6499
1045
7918
4940
5530
4142
93
3252
5502
9644
2447
7328
756
5873
7190
3379
2701
8740
9151
8968
3020
2776
9687
7505
147
9904
9882
3947
155
1755
2354
4874
3812
3938
56
9408
547
9441
1102
2991
2512
239
1024
195
6877
2288
3372
8847
6460
562
4796
3867
6011
4975
4366
9142
55
4467
2545
8991
8304
9417
1286
4482
8919
3853
1071
6977
7825
4971
6059
2157
3597
9036
6752
3470
7556
3355
8026
5860
4093
9286
6598
2784
3633
7268
8711
173
7936
6503
2919
7767
9553
9240
498
1409
496
7206
4185
6301
4635
4732
2715
9033
4560
7779
1550
8936
6912
3142
8772
2746
3766
3196
6843
2912
8625
6616
8362
9858
7632
4062
3083
8561
8425
1812
2702
4454
1237
1664
7496
517
6603
2446
4154
2248
5645
1650
6463
4448
3953
4419
4823
558
8893
4525
4650
2173
9059
4043
183
1342
3467
4245
4385
199
1973
7954
6454
8930
7125
3069
3750
5128
1041
3144
7447
1489
2239
5011
2398
8265
8858
8259
1914
8164
5182
6691
9855
2629
7662
9120
9084
6788
3247
6155
4976
9597
5032
9237
1101
1301
1161
6721
3977
8194
3550
1496
3450
6082
9384
5742
2280
2700
3725
1368
4123
9419
659
895
3335
1556
7690
3151
9308
4534
2077
3437
5119
7081
7917
6009
8136
2662
3212
9168
6758
8408
2427
1371
140
9564
97
5665
3304
7745
3823
4771
9891
7965
5262
6582
6745
9893
2252
8267
3984
2883
2714
9382
5249
3112
9489
1035
8957
8865
6271
7687
4161
98
6024
2732
4273
3066
7199
2296
6170
5541
5409
1577
9402
4263
4571
987
2760
8902
7805
3174
6635
5983
3565
6779
8038
44
2953
588
4033
6295
8121
2750
3630
2059
9415
5288
7725
6671
4304
481
9361
6552
4762
4658
6605
7993
1261
2308
1283
8662
9434
5875
5007
2245
2873
7349
2206
5456
8351
3037
854
8612
3650
7461
1376
1313
4292
1360
5393
3735
2892
8726
2834
6001
1665
3511
7376
331
8126
8407
9500
8507
212
5094
6152
2029
5480
9929
9509
6801
2937
2286
6166
7157
440
1355
9450
2117
7297
7602
5613
4338
9056
3181
3129
153
1188
6439
9330
6530
1974
205
5969
7836
7654
5928
624
4763
5569
2368
3861
8244
4754
4603
4795
6747
415
6196
3389
1851
6034
3119
2023
5258
7299
8563
5858
2403
4581
1429
2588
9715
2526
8672
6132
8163
1591
2299
5106
864
3800
9130
7803
5731
8014
433
5160
676
5924
9861
5292
7286
227
2641
8354
2845
328
2466
8524
513
9478
8030
980
2178
5849
5689
7399
6307
6653
4
9543
1866
6949
3677
8927
8083
2103
6464
4357
1581
9595
8854
2758
9783
940
9884
7420
7909
434
9135
8832
4201
3305
819
8545
3783
311
737
8024
8796
6722
1686
2698
3478
4630
776
3309
2808
317
4704
9085
4242
3128
2869
5568
1304
4947
8816
1506
1630
4438
1461
4674
1385
4551
104
3639
2228
5603
5144
7285
6428
7671
666
3146
4257
491
7773
957
4134
4160
2388
4539
5996
9650
7588
2665
9471
1680
4785
9759
3634
3995
8983
4231
948
6343
559
4994
7056
8112
6050
4457
8333
9110
1758
6119
5781
6391
6932
5511
3084
8830
6174
3225
17
6112
7762
8162
2160
556
1861
8413
2087
5886
254
3260
5627
5900
1274
612
3359
5218
1727
9580
2026
4863
8630
3888
3905
5789
1688
7955
402
8872
9413
5391
1875
858
5513
5842
5168
5821
2420
3312
5277
7713
5775
5008
3816
1690
8756
1726
5926
9579
2602
2378
1486
3002
2106
1882
8922
8633
1152
6491
3581
5506
413
7119
2618
2309
8274
2730
411
5688
4677
1137
2613
7411
7392
4253
8115
4275
4770
8474
5328
9159
5380
2502
5442
9353
7475
3611
6771
1889
866
3526
2744
6101
1257
378
5150
8887
9290
152
9190
3201
81
4879
5167
3699
4791
4951
8033
247
2941
1784
3293
5289
7515
3631
1468
4030
6549
7894
1182
9645
1065
6282
691
7380
9623
39
4369
8138
108
4315
6448
9636
8369
4546
3089
6954
2271
6102
5720
6215
2064
8414
8958
6755
728
985
5499
2761
8294
9462
8635
1622
8924
1063
541
1443
6927
1885
9624
7158
1470
9008
5360
5187
8152
3700
1282
6447
7970
1386
4595
5078
9342
7628
8011
6382
5361
4716
9481
4405
9756
5129
7665
2771
5708
2582
8322
791
9231
9706
5139
1580
8250
682
1314
8978
3377
5764
4936
1855
5823
3877
2348
1029
8419
5053
797
4718
5695
2219
9005
9659
6749
1217
9114
4189
827
9297
9463
1676
2350
7482
1662
5889
7215
5143
601
8794
3717
1362
7840
2002
6570
8027
2560
1172
7527
6975
6331
3045
502
1158
9811
2918
7732
8293
7234
262
3958
9515
635
5970
1258
6100
7859
1316
9288
6227
4572
6222
9032
5275
5605
6536
7622
3628
4639
7682
3259
7318
2737
2867
6458
6601
5841
6025
5652
6845
6052
567
2990
3755
4982
7816
6094
5420
4265
9080
6415
2820
6150
5026
3207
7226
2942
3933
2019
5615
5837
6776
2591
9822
7977
9520
4612
5570
2407
7746
5183
4465
8427
2515
3954
9246
8742
9385
7455
3240
9325
2676
2826
1548
4382
8039
5051
3468
8260
8795
6816
8345
6971
3608
3627
2133
3706
1280
3613
5962
1617
5293
916
8573
3352
7730
2686
2797
7109
1344
7099
2134
7427
4006
6832
1959
3754
4671
5828
9670
5180
8443
7479
6273
7137
1966
1544
3775
1934
9069
577
8941
3251
3147
4183
3135
519
1241
4127
9753
3409
9175
3073
5684
2283
69
939
9157
4586
4041
5228
8531
1571
1492
376
4423
6643
6587
190
8505
5191
1184
3209
878
6941
5193
5725
1766
5988
5965
5976
6188
148
3004
4562
6466
8553
1390
9161
6875
3254
38
5762
2054
4312
5157
534
9694
1685
9924
6787
6904
3490
3780
7041
7145
3904
7356
6712
2097
7848
532
2184
1523
9304
6234
9465
3487
401
3556
7835
2541
1147
9810
1517
1822
1823
3406
505
8131
5651
280
9445
2175
710
9176
4884
3373
984
986
8008
9453
8081
289
2712
2364
4740
3440
1939
8975
1605
1602
6095
2152
4910
8667
2487
4250
3680
1372
9117
2385
6153
522
9941
8106
443
6766
3407
7925
6232
1111
7873
4779
1637
110
8986
7696
6925
6929
3263
2815
5384
2438
6179
6304
2763
8371
7670
483
9083
1098
7834
1970
2469
6681
9052
7668
5423
7521
9281
277
4037
9731
1379
1085
8209
3972
6599
1333
6837
6285
1654
5437
9391
6916
6885
2235
1455
8774
8230
5635
5855
4926
7729
1910
8666
5680
6993
7961
1194
3025
1300
5700
2486
3683
6527
6568
9204
9055
8664
2266
1750
7960
3952
5578
2924
7255
295
9795
6608
9728
5749
5297
131
1528
4456
7689
6494
3194
8800
9690
5070
7408
9430
3091
7168
8880
8483
4727
1720
9626
6231
4808
2961
5905
3281
8921
637
7457
5155
821
1179
8883
2650
4851
7403
5949
720
5933
7117
3035
303
5403
5882
2190
1218
1423
8235
8397
8606
4089
5759
4515
1952
6012
6574
1347
5309
2056
7464
1562
2841
3704
4542
9088
2243
3592
9786
4117
9720
6713
2506
9582
3710
4090
4268
8877
7597
7161
1869
6
5633
9378
349
3641
9785
6335
5548
3502
6471
982
9106
4298
3964
133
4344
6673
2633
6330
6519
2055
2044
5666
8580
675
744
6080
5880
9355
7240
6107
4557
3036
6037
3865
906
8604
7364
9490
8620
7547
9944
4962
9278
4422
3422
1832
9604
8061
8503
5066
2284
7524
9442
9086
4871
2310
7423
9843
3441
9103
6984
9859
3686
389
2377
9140
8434
5916
8878
8456
366
2468
1780
8528
5302
6967
9886
2566
7906
687
6425
5701
7034
7705
8180
3317
9030
2767
1452
2610
3412
2474
5198
3064
4728
4952
7134
6302
8098
8273
8363
1240
9610
1838
764
186
6076
2935
1928
4847
7374
3451
1799
4225
320
2400
9232
4039
9282
7100
8321
511
6478
3046
1302
8428
400
1293
3666
3205
9800
5816
7611
8644
8750
1542
5986
544
1944
2884
9390
5486
5957
2174
1711
3342
3395
3500
7829
6658
5133
6645
7731
6436
5561
2558
966
8992
8205
4820
7911
8271
283
8440
5888
7335
5807
3590
938
5428
1354
6748
3380
187
6221
7254
2193
8857
6768
2018
1818
7191
3990
1052
6136
9722
4086
6540
8693
3522
8917
3341
1067
5897
1981
1309
1561
2858
1114
9154
2929
810
5263
9264
576
8808
6876
5767
9523
8501
4025
8280
6073
5912
42
8372
4641
1969
7106
2890
5751
109
800
4014
1891
9287
2464
3388
7232
3636
9961
6611
1015
8500
4507
1772
5656
156
6203
8779
5655
4152
1084
6412
1807
4611
6532
4627
4767
1485
8679
3132
8592
6704
88
3072
4441
5348
960
526
6804
6905
9359
8349
4309
4358
7841
2086
9253
7719
6256
3773
2835
931
7421
5247
6279
5481
5003
5995
4124
5488
9762
6429
425
2431
6822
230
8632
3988
6942
8840
2687
1037
2789
9162
8070
2112
5451
8577
7287
7950
5526
542
2770
7744
4248
2052
5712
8202
9075
5447
3701
8999
6962
5130
6159
8851
4416
7855
661
1277
6355
901
9584
8105
9043
4591
778
5910
4587
2000
2795
7181
6641
3768
4238
4355
6797
7940
5445
3959
1771
7114
7802
3531
6602
7815
6045
4705
5276
3788
5388
9612
5868
3703
4255
9138
3242
7979
9060
8270
6880
3542
554
7068
9259
5668
896
383
2237
5024
5159
9938
7759
7707
6944
3612
5096
6378
8174
2098
2908
7968
5213
7928
333
8491
2305
4800
5017
5375
8193
2535
4166
307
3951
4068
6258
4925
8952
5696
6121
2006
9773
1598
410
1762
3770
6240
6248
2967
4839
924
7462
2818
4207
568
5475
4829
9625
3645
706
8560
4619
3839
7986
4558
5942
7858
4451
730
3916
887
3689
9386
7843
1551
3932
4291
9321
8276
1735
7368
3588
8805
9747
1997
8036
9787
3894
101
2999
380
271
2460
6401
3509
8048
1442
8457
8708
4032
1494
408
6476
3382
9473
9146
6807
9183
4867
1187
2595
1057
4922
5621
9091
8900
7288
9452
5473
1162
9116
6610
412
381
79
5899
2489
9971
598
4058
5985
8003
5755
4983
7831
7987
214
77
6726
4584
7658
4091
8481
3236
4098
4497
1520
1634
4582
2494
3514
2088
2205
3432
4917
6510
2240
6594
4782
6720
4066
4702
2099
1119
7228
2716
4822
9328
6701
4466
2037
2970
9394
2697
8855
905
4228
7345
2250
5300
4071
6015
5740
2015
8687
4904
2511
8214
835
873
172
8403
708
1199
3721
8
7978
7194
9001
6715
312
4408
3849
5906
9222
2158
4425
7174
7225
7018
750
774
3875
2927
3525
1382
7437
9343
6336
4148
9711
6490
2216
7163
3368
6071
229
6785
6306
7361
5584
1262
6994
9823
6735
3722
4638
2604
8530
3787
5237
8907
3646
9701
2012
5156
5624
7606
7801
6813
7283
4392
4711
211
5832
6573
9418
5336
3375
8786
8497
1086
6165
929
3804
8704
4390
7695
3266
527
5220
7244
5518
7620
5075
6484
6468
9802
8171
1375
7216
3963
1698
2208
5817
9467
392
395
8384
5086
2689
976
2022
1080
9958
607
3184
9058
6334
5333
7916
7860
2837
4993
1228
5713
7550
9994
4783
9555
5643
8513
4346
5820
9194
4054
5056
3474
7544
7659
4012
7256
7982
852
9885
6625
7887
6193
5462
2553
253
524
4234
256
2778
1202
8439
9242
1110
5401
2488
7995
343
7853
674
3087
9201
2684
1197
5883
1169
3328
7656
1341
4897
4950
264
5562
6662
8301
6882
7305
6660
8914
9372
9758
9529
4787
2402
3968
4522
3476
2696
1346
885
474
7785
438
1512
1616
7973
6239
5178
338
7472
9455
1501
4446
7204
3138
4108
5318
6135
1013
1227
7563
761
7994
7332
6161
5453
7862
7669
7030
6214
9737
4146
6546
1248
7033
7274
1112
3591
3647
347
2142
7417
629
6409
1948
9108
6366
4372
336
8422
4103
7923
8002
9591
9638
972
8891
1612
4652
9928
7685
7792
8062
6507
3307
8288
2876
7988
5351
4264
4317
4498
2879
5322
495
9935
3712
1669
382
7901
157
2563
4659
5531
7880
4464
168
859
2373
2347
9221
6736
1440
4761
1387
979
4691
3586
9681
4688
7863
2793
2943
6664
1857
4359
6420
2573
9532
6321
2189
845
8539
6509
202
5524
7777
2801
4270
6919
7799
8343
1923
8022
7091
2766
377
453
9852
701
9189
955
6887
8102
806
5057
3367
5585
6381
5121
5867
4573
3315
2707
719
7159
7692
6162
1797
2857
817
9824
2823
9593
6902
9760
4744
9979
3548
1138
7809
7585
1518
2324
7477
85
3172
6734
7798
3189
3239
449
9392
7107
9746
3769
7239
4240
4276
9335
3039
5141
9
9305
8023
6783
3997
7601
8236
2147
6956
7912
5337
7711
6609
3945
6633
2114
3746
6773
6619
1793
3571
9398
681
4349
6565
7103
1846
5632
8557
9574
6267
1327
1002
9100
2260
4364
6703
7647
4714
2104
1503
6103
5006
8628
7688
1072
747
1317
1238
2289
339
9653
557
8791
3609
1310
8768
2430
6163
305
9505
8140
431
2028
9999
9922
6893
768
9968
2896
4654
504
2396
9213
2551
255
2203
6680
2176
7709
7164
179
7113
6812
4628
8281
2136
9723
2685
1484
1568
4939
7635
306
2345
3691
8792
2975
1960
2066
5285
3276
5152
252
7357
3554
4970
5771
8100
4848
7321
4094
4818
6093
7425
1722
7363
3503
1993
4223
7617
9575
2107
2360
6794
855
3150
3697
790
7958
8627
5334
8004
7566
3452
3237
2405
454
5532
6097
9327
8361
1009
7944
4489
1675
7519
4752
3906
1330
6230
3275
1441
8946
5559
6698
3193
2529
3994
1410
796
5629
8969
613
6583
7646
5457
678
5433
9832
8853
6784
2338
3426
6836
5791
3333
8985
3230
3053
8619
2655
7664
9700
9713
5941
386
7123
4801
9338
3785
6346
3622
3835
9104
5282
5698
9554
5642
1593
4239
4195
9719
9037
7893
7619
1083
134
4505
8161
9256
8445
3731
1631
2454
3031
8329
4352
3378
1691
2851
198
3331
8020
7377
9752
9236
1051
7147
6576
7984
1244
5482
2694
5251
6143
2562
6322
3442
8555
175
1091
2699
886
1765
1154
9881
4642
5186
5430
4398
9153
1462
6566
1232
4533
8835
7309
8034
3301
9443
7273
5918
8549
5142
5734
7014
4394
2904
6398
5830
315
6198
9487
7149
8929
8845
6266
4125
5857
8075
8132
1519
989
5199
3878
7062
1311
1144
3711
8300
2004
8819
2740
8694
1246
414
5295
8652
170
6827
3175
7634
9289
1145
362
2638
1264
5399
209
7314
9089
703
3086
2155
775
2539
927
6545
8881
3568
5683
3204
3903
5862
6577
6668
3493
8826
5022
2467
9592
7154
1569
6204
9300
7179
1579
912
4989
3553
1000
6194
6648
9235
4486
9857
2089
2757
6068
2872
9871
1521
1742
9619
8292
8400
8006
7429
9665
9296
4781
7537
9202
4153
1478
7502
1183
2224
2387
580
7610
3454
4328
4700
1649
4474
3021
3733
5754
3771
6978
9913
3300
1010
677
528
9607
287
146
1056
9081
5362
2963
9897
6750
1094
4855
7581
1320
1898
78
4860
5163
3177
5196
3944
6086
7854
5034
4734
8471
5648
7735
9658
9377
8514
8770
5264
4730
2204
2325
2315
4555
4434
915
1325
4524
7980
695
2907
7002
7143
1724
713
9705
9530
3346
4930
1135
5827
634
451
2395
6113
3983
7808
6479
3110
581
244
8583
2948
3117
368
1808
4420
521
7899
7962
8051
2810
9233
7896
2590
1076
6264
9953
8536
2298
7764
6126
5902
2839
711
6138
6171
1845
5042
4843
2682
7594
842
3109
2076
9754
688
439
2370
3833
8512
3274
7763
9420
8295
2951
8233
1814
1961
828
7331
9993
8579
7013
8813
3950
2656
8868
8682
9195
3504
6756
843
2717
8817
3870
182
4598
4301
7355
3648
83
1901
3299
4902
7722
4738
8973
633
9271
6049
935
1893
6937
5242
4736
2021
1829
3821
2442
671
5243
5089
8175
3809
1558
2859
9940
7304
4882
6741
8373
7748
2145
6269
1880
2898
1493
3353
7448
5412
9651
10
7826
9828
7806
9432
8080
2514
1881
862
7211
487
8016
2998
6889
4955
5773
1160
709
1658
3294
5329
1060
3178
7881
5501
3462
6639
983
9835
3446
5606
3074
4111
3220
3762
4794
9765
9126
9063
8899
2081
3619
2492
881
5126
6277
1587
4662
4719
7003
7140
2959
3195
7175
7362
9508
2344
5833
4536
9939
9755
2222
3011
4024
6151
3698
9165
1802
6133
2218
8944
9596
446
468
6246
1813
1863
9565
6858
2043
5064
7783
1069
4476
1677
4047
5774
1206
1868
8584
3534
7133
6091
8248
6368
8053
5149
5804
9311
8065
6572
2532
1962
8216
8257
748
814
2391
5043
7334
4981
1641
8696
9427
2956
9280
3930
7652
7924
841
6774
8461
7921
3856
2977
9510
2711
2311
4875
8691
6874
6212
660
9241
1490
5464
1759
9144
7459
6980
6617
1491
1438
1224
4236
4585
1373
4891
7976
1932
3551
424
9744
6260
1661
3919
840
6739
6441
618
4099
9602
8651
9087
8654
6131
5522
2382
7675
4182
5494
372
4475
4070
8871
9029
4084
5067
7201
4919
3761
6802
8494
9118
5081
6457
1364
5478
6320
974
1019
5135
8720
3167
2855
6535
884
3912
4698
4376
8383
3261
3499
3749
3978
8196
9395
6821
9498
4977
477
6724
757
531
6120
465
9558
8547
8870
5268
5040
1843
3191
8181
4478
356
5470
9677
393
6581
6901
1006
6027
4063
3364
2381
725
426
4892
2571
5702
1445
1030
3869
767
9942
6272
8385
4553
6268
7136
5363
7507
9937
3720
8305
3130
7945
24
3161
9336
2121
9265
3599
8639
8043
9354
5634
2722
2565
8097
8734
1324
5359
92
6467
6517
9209
7691
8806
5490
2397
3729
3065
664
9613
6305
4278
6090
6199
6061
4780
8856
8467
2643
7494
321
6786
174
8761
6899
9239
8616
5895
7326
3396
5836
9643
6835
4969
9990
6118
685
5427
89
61
1168
1744
346
4473
5927
8712
8600
7019
3428
3050
1644
1899
679
4646
4664
9275
6262
6495
7412
1979
6421
733
6362
8376
5670
3908
2123
4437
1001
3206
2822
6559
2045
4506
4777
5076
4651
8554
7562
956
4141
7579
1329
8197
1214
742
9291
5291
8108
4880
358
5730
1714
2127
5031
9109
1412
5000
7021
5547
587
3851
9468
2538
9581
4452
4570
5046
7743
8309
7060
5171
4840
6730
6952
8325
6746
5169
1167
8044
6497
7761
7279
9412
3213
2197
1584
893
5127
721
2507
1628
1545
3337
8381
5601
5025
489
9016
2072
5209
8263
3330
471
7474
2874
9634
9768
4430
3848
6584
5577
6489
4908
9337
3584
3113
9312
7453
4672
8153
7678
3936
4347
9674
7525
5058
9734
4436
1935
6656
7796
5124
4021
9166
7236
5786
4259
5010
7703
6508
3186
4460
5366
2
7638
9988
2831
877
1136
7934
6066
100
5594
3596
9780
7306
9206
3049
6965
2241
7752
9797
4048
5305
2113
164
2192
2137
1892
9594
3401
3448
9862
9049
5639
6311
3971
7769
755
4504
6706
8156
3874
8828
4984
3048
4895
8154
699
2238
8581
8450
1989
9333
4494
694
2508
7259
9422
5304
5090
8201
6046
6164
6244
9024
30
8572
215
6567
1150
2277
7949
1953
934
2809
1177
9757
1693
4404
143
1929
5357
2878
4625
515
2293
7737
9027
7290
7233
3082
950
7972
3425
1647
6881
5239
1774
7889
4208
6692
224
4169
5287
9428
3224
5604
9892
9429
6148
945
2300
5752
7358
5834
7753
9725
7661
1625
1809
8176
3782
2065
189
3920
4367
7282
3308
5105
2864
5341
7947
3657
8841
2505
5208
7490
1100
8429
4237
6422
4424
8031
5826
8245
3742
5009
467
3092
4680
3840
3767
7885
9171
1651
861
6923
3411
7111
4737
3060
7616
1854
7223
6544
5978
3424
1572
7495
5316
8542
7176
3538
1204
3881
4194
6431
1115
2900
3208
2806
103
1044
9792
4852
8120
5787
2848
6031
936
8574
8928
9526
6729
4812
9587
2788
5458
3157
1716
4034
892
9960
4853
1252
2481
6088
4165
506
2412
5125
2520
890
3185
3602
9678
9889
7503
4872
5206
2102
2301
3127
4959
25
4918
6364
6392
7542
208
4177
99
2840
5041
3285
293
5790
2654
207
619
4826
7445
4455
1294
9730
1477
1806
9763
6669
1303
7025
3363
9531
314
9364
8093
8948
7568
9955
3227
6950
9410
6548
2304
3653
73
9748
1955
5028
461
5419
5095
2132
6493
9639
2154
1895
4683
7926
7946
8653
7037
7238
8684
7396
849
3423
3756
6019
4170
7075
1847
285
7509
2593
6390
3911
8296
3105
5342
6440
218
5417
4508
488
4621
8021
5973
6308
668
16
2720
4844
3524
2586
1933
1611
1235
1291
8357
7087
9815
4914
9521
2971
4386
8469
4663
2180
8812
1947
6505
1607
2614
6655
1848
2661
2319
9617
8028
7517
4373
9525
8255
4743
6597
3215
7865
4052
3846
3348
9952
2085
2759
4995
1191
2131
3192
1018
4520
1940
1582
7739
4873
9921
4825
6223
8650
7170
3104
3825
1815
3221
3329
2530
223
6452
7079
6833
9556
1853
7449
1266
4023
5556
7694
1353
4933
7878
1884
6970
820
7485
3234
3858
2756
3566
398
1058
8042
2616
1397
4592
476
8389
7311
2276
6434
4518
3854
6934
1337
2787
6488
6205
1239
9707
4205
5591
2626
1820
4147
1061
2499
6482
2500
7338
8818
4537
8328
7526
1319
9991
5256
7184
1096
7698
7048
2615
1553
8005
1513
8493
8079
9299
1075
2246
7844
3942
9537
1601
6647
1912
8473
1155
6008
4307
3585
2708
4302
4634
1384
2317
4002
4589
5765
9249
7183
6058
8252
4411
6531
7700
6867
4251
7564
7090
1956
4174
8673
1752
914
4774
4053
4721
3295
5248
6740
397
8056
3649
5763
600
4042
3183
6615
5310
9358
2409
8829
6554
9283
4500
1004
4477
8833
5686
9685
6580
6607
8130
5669
4842
1984
3017
115
344
1710
9501
9830
3601
539
520
3819
8077
6173
6332
4578
7832
7120
5068
3603
2583
1555
7424
8367
9987
4323
2182
2372
4235
3405
6081
2126
5223
5662
2048
9276
1365
1192
3115
9132
8702
7489
2799
1967
4155
5386
3813
5468
1596
7766
3078
2887
5637
2349
4966
501
8261
3059
8793
7359
4171
8398
9600
894
7584
6498
563
41
6795
1457
6676
7316
3841
8710
5338
8335
602
7054
5704
1667
8565
1824
2312
8960
270
2401
5861
8275
4447
1092
2363
2621
1449
7438
8709
6259
2428
1791
7032
5527
1870
1753
5514
2495
3926
6079
6054
4986
7760
9050
3624
3494
7500
2202
2375
9682
3392
1566
3444
1583
8797
8462
586
5257
1278
3427
188
9542
8128
2424
9751
2522
3306
6149
5904
3772
7570
6848
1998
2987
7124
583
4689
2444
7436
3265
3393
5463
3516
9740
9152
435
3606
3817
2453
2995
7919
9895
5298
479
3287
6474
6055
1943
2939
5866
3801
5566
9107
8836
537
2785
8636
8411
7020
3458
4953
8155
4105
7511
1339
6017
3615
9306
1356
3136
4409
9212
1210
2728
5491
6356
2100
6456
2647
2635
6353
3197
510
7341
4403
6348
5956
8122
7630
900
1391
715
5811
8689
7200
3716
6903
3032
3832
9729
4110
26
3676
7463
5822
9809
37
9245
5073
5948
5170
7895
9219
403
2632
9561
7400
7778
2272
3085
5254
815
5466
2340
6626
3211
1632
9261
7849
9683
7076
8095
2067
6847
4116
5376
1195
4575
6069
2455
4243
3738
9736
5998
2733
3041
6500
9440
564
7333
7939
8458
7071
2619
5471
2677
7532
8360
330
2690
6367
3541
5145
6352
5465
107
9866
5871
2934
9903
2726
9093
8258
8489
8208
1103
9834
1713
9545
8937
2863
2091
2439
9439
9966
2688
1146
8962
8103
3928
9646
4426
3255
7618
6789
9179
9609
9585
3820
8760
507
4717
8243
292
5476
7487
2483
2322
4894
2041
5654
1704
3572
4616
8568
8430
4261
8540
4513
3319
9511
8585
8141
8518
4554
9662
263
3883
8823
8763
4081
1225
6898
7394
5589
9285
1215
8901
9491
7750
4233
8827
3684
4622
3828
8904
9199
3480
3578
1180
1783
1129
2974
1768
482
1977
1245
9982
9850
2850
4606
9777
9790
9214
4001
6249
162
2830
958
1826
3015
4694
7552
3094
5394
1295
2478
9872
4708
3535
4145
4657
193
994
2518
5014
4335
4216
6461
5583
2392
8234
3455
7981
9045
8820
2007
1288
6407
463
4095
2408
3519
8951
6226
9370
9015
2451
9362
7639
4631
8251
7577
9211
5903
2605
7591
9141
5260
3143
5736
2031
2159
6590
9273
6006
9516
693
9105
4365
529
9047
177
1448
6945
3515
9856
9180
6765
7938
6160
6035
1902
8041
9124
9238
1887
789
6127
6186
9973
6122
9663
7007
8724
5739
2916
1139
8732
7089
8931
2642
853
7631
1046
5743
2334
4613
4609
5884
4720
641
3366
4204
8733
1821
7523
3006
6485
6406
5327
1026
6424
7440
2307
3028
1178
8511
8692
1234
6048
4402
3802
2461
4371
9684
6537
647
8459
2172
2921
9499
4061
1299
6959
4280
2223
4965
1717
609
9614
2652
2410
2673
959
4676
2524
5951
5726
5878
8188
1223
2657
1220
2622
5528
2525
4545
1800
58
9989
8148
4322
7612
5364
518
9898
5508
4877
1424
4678
1687
6987
2013
9538
3279
7101
9260
4020
2351
5580
3139
9079
5069
1721
4648
4427
7793
7248
53
7058
6863
6918
3736
3297
6106
2143
176
4121
5788
4856
9667
4247
1459
2792
5444
8228
3567
1976
6534
2274
185
4987
8643
6793
5179
125
5814
6328
6462
665
628
6347
2725
6629
2817
5446
4339
3986
7715
5215
7589
3777
291
1036
1509
8323
8976
4760
7084
9808
5252
9598
7555
6276
8379
9656
5091
1358
1621
2882
3544
2144
7518
9997
5879
8735
4608
8974
1454
7209
3818
3705
6524
7251
9633
4579
9127
3625
1798
3751
9324
6089
4604
6465
5158
6175
1655
1453
6631
3248
933
32
2829
8336
1567
8344
8355
5989
9640
7404
8502
1597
2598
9293
4331
7155
631
3973
3163
8757
9666
5972
9590
9380
3057
4269
2836
163
14
5602
9804
6586
1216
7999
795
3644
6547
9057
3678
5542
2122
9552
6620
9472
5087
8622
5907
1734
4876
3005
7497
2169
4184
351
5485
5735
8624
8375
8861
1366
2390
4888
2251
1763
4692
370
1050
6829
2278
9004
3501
4729
4075
5335
9193
6084
9254
6324
5853
5721
3915
5718
3398
7409
6743
3560
8158
9880
6799
4695
242
7398
3445
5540
2247
8596
8009
5036
876
9972
4399
9788
6727
1005
3222
2843
3852
2743
3924
2736
1149
4360
9066
122
3884
872
4133
6690
8110
3573
920
6684
3688
4567
4122
4757
9907
2589
8436
6678
4675
3857
2832
3408
2156
3108
7512
2421
6108
8597
2095
6300
8935
6670
3682
5439
7927
7270
3909
5921
3614
7483
1049
8314
5063
1908
6104
8626
2232
6178
4964
3826
7296
533
8347
7992
7966
9014
3176
145
5317
9980
2356
91
4566
1872
8947
503
4899
4356
1131
7864
8874
6562
4495
7910
5174
7706
3960
8012
1296
579
6219
2821
7317
6699
5677
6892
8049
5929
8386
1819
4803
5194
3238
7260
1931
6326
874
427
1533
5757
4343
9572
3891
9784
1196
9425
2003
1203
752
6914
8477
7959
6168
584
1020
6896
2653
8546
1671
7932
6555
3349
6869
5372
6177
6263
1476
837
7545
2703
1054
9123
1922
6513
2986
9620
7454
4380
6525
7720
5219
1190
2952
4543
3734
7173
2185
2456
7456
4827
2928
6982
2226
1378
8241
6767
4784
8593
7522
106
2411
4690
593
7217
3357
1425
953
1174
967
7641
9513
407
9449
9571
6915
1926
6717
9801
9348
8182
3805
6021
8971
2083
1381
67
8519
8701
8552
5016
8839
5374
248
7029
4576
700
4056
2503
4526
6778
5313
4563
332
5048
1181
9421
3210
8611
6105
5107
3836
5715
9506
6884
6742
9733
2561
54
3866
5224
384
1328
4079
9344
4623
971
8725
4656
7053
2880
8677
3040
1508
7385
1660
6593
7824
9339
4271
2116
3111
5098
9583
8850
5630
4193
5852
6442
5314
571
7324
2567
1603
7768
8350
9406
9400
8520
5646
7867
472
4007
9936
2434
6411
9177
3169
7784
4713
4285
4946
3483
8932
3438
1811
2748
897
1263
5588
6695
8192
3760
9655
3100
4332
4180
8232
5799
241
5596
4330
8730
7655
3228
9676
5772
2781
3001
6553
3270
7046
6782
5647
5324
7313
6638
857
4805
3497
2118
4864
6274
6612
5097
8067
7088
5306
1725
1077
2950
9145
9959
5618
1435
2229
6851
3397
3794
6979
9527
8776
9608
9761
6350
4687
3902
5981
7810
3310
68
1788
1965
1475
2108
8316
8783
8352
9826
9322
836
9349
6023
2533
3708
7624
1560
918
6985
3796
1886
334
6224
2475
3334
7586
4200
2071
8448
4351
8959
4418
3322
3461
6561
8737
2564
6644
5469
2594
3969
3090
9026
8318
5819
4055
9028
3610
8475
5044
7782
7036
7561
8424
9470
1437
7187
3626
3496
9902
22
2020
2025
1924
1529
1668
1679
6309
5385
4256
151
5779
8415
1971
1106
1754
8866
1681
7442
3475
2212
745
6192
7115
4530
4181
9524
7756
3987
6218
7920
8480
1308
8950
3656
4905
5099
7838
6075
3521
7135
5611
5728
8453
8714
9369
4972
3027
9097
9611
6233
3199
316
2592
1708
5140
4472
8149
5172
4746
6283
7548
5269
6870
6051
9652
6957
2709
4196
5015
9248
2213
4807
5197
8741
714
4173
9257
7740
1554
3798
992
3948
7898
1514
3892
5557
9570
6811
1208
8918
5984
7008
2497
8327
6936
9562
1996
4778
8395
4961
1592
1073
428
2513
1108
213
2165
7383
4013
6556
7001
1995
5521
3679
9021
6850
2253
1279
9854
4485
6983
5092
9174
1118
6433
1635
9544
3806
4602
2581
2782
2162
3217
6261
3024
3118
9373
3469
7066
4660
9122
2860
8954
9588
3961
9243
6014
8406
7492
2047
7727
4479
197
1794
1064
8755
2328
126
1526
4150
8686
7097
8019
1864
8123
2459
7371
1175
9082
1776
3463
3286
5050
9482
9346
9977
2911
268
8915
2798
2749
5975
8506
6595
530
4308
286
7776
8203
808
8509
3621
4249
250
7373
4401
4869
9573
6191
4149
5574
4400
234
970
585
3292
3093
9986
8262
1153
6872
8898
7587
5626
2001
2609
3702
9191
2903
3532
946
6955
6707
2570
6145
3190
2803
1367
4198
1990
2735
9038
8063
6496
801
7458
4100
1209
160
3667
1871
7302
9647
973
5108
611
5844
1574
9540
3547
6852
508
6325
4928
9031
951
2287
7327
2993
8168
4009
480
512
7623
3369
3068
2893
8715
6344
8191
1945
3992
2587
3900
1862
6139
8510
5714
2010
1646
2751
4802
9208
7085
5898
3054
5544
8064
2957
3430
5271
416
6026
8186
7480
9660
3864
8438
6190
7009
7390
1666
9632
5914
7126
4974
3472
1642
7150
3235
2014
653
1678
9341
7572
18
990
7325
6935
6921
7676
1281
4765
5640
903
3814
3913
9974
9218
2891
1043
2731
6487
6890
5616
5955
4197
7243
6294
9295
259
1915
1775
614
7465
3659
2727
